1.)
62.2075
1 0 0 0 1 0 0 1 0 1 1 0 1 1 1 1 0 0 1 0 0 0 0 1 0 0 0 0 0 1 1 0 1 0 1

2.)
1657.733
1 1 0 1 0 0 0 0 0 1 0 0 0 1 0 0 0 0 1 0 1 0 0 0 0 0 0 1 0 1 0 1 1 0 1

3.)

4.)

5.)

6.)

7.)
2724.603
3   5   8  10  13  14  18  21  22  26  27  28  30  31  35  37  38  39
41  42  45  46  47  50  56  62  65  66  68  70  73  74  78  83  84  86
87  89  93  95  97 101 102 103
8.)

9.) 22915.93
1   3   5  10  13  14  17  18  21  22  23  26  28  30  31  35  41  42
43  44  45  46  48  50  51  53  54  55  57  60  63  64  65  66  67  72
73  78  79  80  84  85  86  87  88  97  99 101 103

10.)
